10869,10646,10838,10899,10725,10681,10733,10153
10424,10560,10575,10482
10452,10288,10465,10296,4820
2970,10326,10197
10293,10145,10332,10128,10340
9870
5562,5850,5481,5504,9943
5039,9880,5407,9862,5647
9663,9601,4920,9643,9908,9683,9662,5572,4972
4644,5364,9584,9633,9579,8093,8055
9621,5512,9648,5688,4546,5579,5227,5506,5627,5637,5491
5187,4442,5690,5533,4669,4249,5609,4709,5616,5175,5556,5582,5418,5524,4682
5358,5550,5466,5485,5553,4665,5401,5388,4916,5233,5434,5336,5507
5399,5353,5396,5313,5103,5196,5340,5392,5270,5157
5329,5197,5125




9870,5562,5850,5481,5504,9943,9880,5407,9601,9663,4920,9643
